0 93 30 77 2 17 55 16 61 87 
93 0 9 54 78 71 5 98 94 40 
30 9 0 68 59 69 95 35 67 18 
77 54 68 0 49 97 55 46 90 37 
2 78 59 49 0 44 54 30 60 67 
17 71 69 97 44 0 51 77 24 29 
55 5 95 55 54 51 0 29 27 94 
16 98 35 46 30 77 29 0 19 63 
61 94 67 90 60 24 27 19 0 40 
87 40 18 37 67 29 94 63 40 0 
